v3.0 hex words addressed
00: d0 d5 da df 47 43 d4 67 42 cc da d0 c1 78 d0 47
10: 43 c4 d0 cd 3b 41 c8 47 42 cc 3b dd dc 4f d4 d0
20: 41 c8 d0 c1 58 da 47 43 d4 d0 c1 a0 79 d0 47 43
30: c4 d0 cd 2b 47 43 cc 23 c8 d0 47 43 cc 3b dd dc
40: dc 4f d4 d0 c1 58 a0 10 00 00 00 00 00 00 00 00
50: 00 00 00 00 00 00 00 00 00 00 00 00 00 00 00 00
60: 00 00 00 00 00 00 00 00 00 00 00 00 00 00 00 00
70: 00 00 00 00 00 00 00 00 00 00 00 00 00 00 00 00
80: 00 00 00 00 00 00 00 00 00 00 00 00 00 00 00 00
90: 00 00 00 00 00 00 00 00 00 00 00 00 00 00 00 00
a0: 00 00 00 00 00 00 00 00 00 00 00 00 00 00 00 00
b0: 00 00 00 00 00 00 00 00 00 00 00 00 00 00 00 00
c0: 00 00 00 00 00 00 00 00 00 00 00 00 00 00 00 00
d0: 00 00 00 00 00 00 00 00 00 00 00 00 00 00 00 00
e0: 00 00 00 00 00 00 00 00 00 00 00 00 00 00 00 00
f0: 00 00 00 00 00 00 00 00 00 00 00 00 00 00 00 00
